10
Sensor_type000 77 1000 84 8
Sensor_type001 89 1000 84 8
Sensor_type002 27 1000 84 9
Sensor_type003 89 1000 84 8
Sensor_type004 96 1000 84 9
Sensor_type005 23 1000 84 8
Sensor_type006 52 1000 84 7
Sensor_type007 65 1000 84 9
Sensor_type008 50 1000 84 7
Sensor_type009 61 1000 84 9
16 2 12 12 12 12 12 12 12 12 12 12 12 12 12 12 12 12
14 8 12 12 12 12 12 12 12 12 12 12 12 12 12 12
16 7 12 12 12 12 12 12 12 12 12 12 12 12 12 12 12 12
13 4 12 12 12 12 12 12 12 12 12 12 12 12 12
9 2 12 12 12 12 12 12 12 12 12
8 7 12 12 12 12 12 12 12 12
12 5 12 12 12 12 12 12 12 12 12 12 12 12
13 3 12 12 12 12 12 12 12 12 12 12 12 12 12
8 0 12 12 12 12 12 12 12 12
16 3 12 12 12 12 12 12 12 12 12 12 12 12 12 12 12 12
16 2 12 12 12 12 12 12 12 12 12 12 12 12 12 12 12 12
2 3 12 4
12 5 12 12 12 12 12 12 12 12 12 12 12 12
13 7 12 12 12 12 12 12 12 12 12 12 12 12 12
16 0 12 12 12 12 12 12 12 12 12 12 12 12 12 12 12 12
8 4 12 12 12 12 12 12 12 12
13 8 12 12 12 12 12 12 12 12 12 12 12 12 4
16 6 12 12 12 12 12 12 12 12 12 12 12 12 12 12 12 12
9 9 12 12 12 12 12 12 12 12 12
9 1 12 12 12 12 12 12 12 12 12
12 1 12 12 12 12 12 12 12 12 12 12 12 12
7 7 12 12 12 12 12 12 12
10 6 12 12 12 12 12 12 12 12 12 12
11 0 12 12 12 12 12 12 12 12 12 12 12
9 2 12 12 12 12 12 12 12 12 12
14 5 12 12 12 12 12 12 12 12 12 12 12 12 12 12
12 0 12 12 12 12 12 12 12 12 12 12 12 4
14 6 12 12 12 12 12 12 12 12 12 12 12 12 12 12
8 8 12 12 12 12 12 12 12 12
4 4 12 12 12 12
7 1 12 12 12 12 12 12 12
12 7 12 12 12 12 12 12 12 12 12 12 12 12
9 9 12 12 12 12 12 12 12 12 12
15 0 12 12 12 12 12 12 12 12 12 12 12 12 12 12 12
12 1 12 12 12 12 12 12 12 12 12 12 12 4
9 5 12 12 12 12 12 12 12 12 4
16 1 12 12 12 12 12 12 12 12 12 12 12 12 12 12 12 12
15 9 12 12 12 12 12 12 12 12 12 12 12 12 12 12 12
5 7 12 12 12 12 4
11 0 12 12 12 12 12 12 12 12 12 12 12
14 4 12 12 12 12 12 12 12 12 12 12 12 12 12 12
4 2 12 12 12 12
9 6 12 12 12 12 12 12 12 12 12
16 8 12 12 12 12 12 12 12 12 12 12 12 12 12 12 12 12
12 5 12 12 12 12 12 12 12 12 12 12 12 12
14 4 12 12 12 12 12 12 12 12 12 12 12 12 12 12
10 7 12 12 12 12 12 12 12 12 12 12
4 0 12 12 12 12
4 4 12 12 12 12
13 6 12 12 12 12 12 12 12 12 12 12 12 12 12
6 5 12 12 12 12 12 12
10 6 12 12 12 12 12 12 12 12 12 4
6 9 12 12 12 12 12 12
16 8 12 12 12 12 12 12 12 12 12 12 12 12 12 12 12 12
12 6 12 12 12 12 12 12 12 12 12 12 12 12
11 1 12 12 12 12 12 12 12 12 12 12 12
9 3 12 12 12 12 12 12 12 12 12
7 1 12 12 12 12 12 12 12
12 3 12 12 12 12 12 12 12 12 12 12 12 12
7 0 12 12 12 12 12 12 12
8 7 12 12 12 12 12 12 12 12
14 3 12 12 12 12 12 12 12 12 12 12 12 12 12 12
8 8 12 12 12 12 12 12 12 12
14 2 12 12 12 12 12 12 12 12 12 12 12 12 12 12
16 9 12 12 12 12 12 12 12 12 12 12 12 12 12 12 12 12
7 9 12 12 12 12 12 12 12
10 2 12 12 12 12 12 12 12 12 12 12
1 2 4
11 5 12 12 12 12 12 12 12 12 12 12 12
8 9 12 12 12 12 12 12 12 12
7 9 12 12 12 12 12 12 12
9 8 12 12 12 12 12 12 12 12 12
10 1 12 12 12 12 12 12 12 12 12 12
7 9 12 12 12 12 12 12 4
4 4 12 12 12 4
8 5 12 12 12 12 12 12 12 12
15 4 12 12 12 12 12 12 12 12 12 12 12 12 12 12 12
8 4 12 12 12 12 12 12 12 12
5 2 12 12 12 12 12
9 3 12 12 12 12 12 12 12 12 12
5 7 12 12 12 12 12
9 3 12 12 12 12 12 12 12 12 12
